some 1.451  1.2384  3.8859  2.1386  1.4037  1.5631  2.2676  5.8782  3.133  2.0686  3.3225  3.8162  1.3871  
all 0.69111  0.11484  1.6875  0.87004  1.6419  1.404  3.1125  3.8152  2.7477  2.5307  2.8119  4.8429  0.68587  
no 0.19841  1.2374  1.2842  2.1313  0.58287  0.086857  1.791  1.9756  0.40489  2.3767  1.5649  2.0179  0.66232  
a 0.60478  0.40407  0.5107  1.806  0.64332  0.32414  1.4422  0.72199  1.2987  2.3317  3.4688  0.67249  1.7473  
b 1.2579  2.2737  2.938  0.76794  1.7769  3.15  1.0848  3.2316  5.7476  4.2365  3.1811  4.1378  3.0412  
c 2.4989  0.11648  1.8834  0.59621  0.999  0.099383  1.6832  2.6168  0.72068  0.84026  2.5999  0.15333  4.294  
d 2.7169  2.1034  3.1486  2.154  0.32017  1.9894  0.099939  2.7872  4.1665  1.6622  2.7686  2.7549  3.9362  
e 2.7545  3.0005  0.44322  0.87656  0.95557  1.7445  0.93861  4.597  6.2318  2.3279  2.5306  0.47312  5.0964  
f 1.1085  1.8145  2.0865  0.038077  1.3727  0.60964  4.0892  1.3242  3.2624  3.6512  3.5961  3.1337  1.0594  
g 0.045799  0.30435  1.8554  0.39506  0.58803  1.3155  0.13342  2.2535  3.456  3.5764  3.5301  2.3125  3.2939  
h 2.8237  1.143  1.2549  2.9368  0.41666  3.0377  0.10023  2.2407  4.542  1.4181  3.7978  2.5852  4.0476  
i 2.3294  3.5366  1.4669  3.054  0.82041  0.023779  0.88868  1.7482  4.3955  1.9474  2.3926  3.9616  1.4489  
j 0.06223  1.5302  2.069  0.057132  0.16207  2.0205  2.9347  0.22103  1.0823  1.6068  2.0504  2.4056  4.0055  
null -0.22919116  -0.42920788  0.25465559  0.38009532  0.15670897  -0.18505109  0.27206835  -0.17750304  0.44096948  -0.04620423  -0.3890911  -0.16195731  0.12405236  
